[64, 32, 1],0.15,0.001,0.01,77.99999713897705
[64, 32, 1],0.15,0.001,0.001,85.00000238418579
[64, 32, 1],0.15,0.001,0.0001,90.49999713897705
[64, 32, 1],0.15,0.0001,0.01,67.00000166893005
[64, 32, 1],0.15,0.0001,0.001,64.49999809265137
[64, 32, 1],0.15,0.0001,0.0001,64.49999809265137
[64, 32, 1],0.3,0.001,0.01,77.8333306312561
[64, 32, 1],0.3,0.001,0.001,80.66666722297668
[64, 32, 1],0.3,0.001,0.0001,79.83333468437195
[64, 32, 1],0.3,0.0001,0.01,62.99999952316284
[64, 32, 1],0.3,0.0001,0.001,63.83333206176758
[64, 32, 1],0.3,0.0001,0.0001,64.99999761581421
[64, 32, 16, 1],0.15,0.001,0.01,82.16666579246521
[64, 32, 16, 1],0.15,0.001,0.001,88.83333206176758
[64, 32, 16, 1],0.15,0.001,0.0001,87.00000047683716
[64, 32, 16, 1],0.15,0.0001,0.01,68.16666722297668
[64, 32, 16, 1],0.15,0.0001,0.001,64.66666460037231
[64, 32, 16, 1],0.15,0.0001,0.0001,65.83333611488342
[64, 32, 16, 1],0.3,0.001,0.01,77.33333110809326
[64, 32, 16, 1],0.3,0.001,0.001,78.66666913032532
[64, 32, 16, 1],0.3,0.001,0.0001,78.83333563804626
[64, 32, 16, 1],0.3,0.0001,0.01,70.333331823349
[64, 32, 16, 1],0.3,0.0001,0.001,62.166666984558105
[64, 32, 16, 1],0.3,0.0001,0.0001,61.83333396911621
[32, 16, 8, 1],0.15,0.001,0.01,77.49999761581421
[32, 16, 8, 1],0.15,0.001,0.001,81.33333325386047
[32, 16, 8, 1],0.15,0.001,0.0001,79.83333468437195
[32, 16, 8, 1],0.15,0.0001,0.01,64.33333158493042
[32, 16, 8, 1],0.15,0.0001,0.001,58.49999785423279
[32, 16, 8, 1],0.15,0.0001,0.0001,65.3333306312561
[32, 16, 8, 1],0.3,0.001,0.01,76.49999856948853
[32, 16, 8, 1],0.3,0.001,0.001,68.50000023841858
[32, 16, 8, 1],0.3,0.001,0.0001,74.50000047683716
[32, 16, 8, 1],0.3,0.0001,0.01,58.49999785423279
[32, 16, 8, 1],0.3,0.0001,0.001,64.66666460037231
[32, 16, 8, 1],0.3,0.0001,0.0001,59.333330392837524
[64, 32, 16, 8, 1],0.15,0.001,0.01,86.00000143051147
[64, 32, 16, 8, 1],0.15,0.001,0.001,91.8333351612091
[64, 32, 16, 8, 1],0.15,0.001,0.0001,88.16666603088379
[64, 32, 16, 8, 1],0.15,0.0001,0.01,69.16666626930237
[64, 32, 16, 8, 1],0.15,0.0001,0.001,70.16666531562805
[64, 32, 16, 8, 1],0.15,0.0001,0.0001,65.83333611488342
[64, 32, 16, 8, 1],0.3,0.001,0.01,62.833333015441895
[64, 32, 16, 8, 1],0.3,0.001,0.001,86.33333444595337
[64, 32, 16, 8, 1],0.3,0.001,0.0001,78.50000262260437
[64, 32, 16, 8, 1],0.3,0.0001,0.01,69.49999928474426
[64, 32, 16, 8, 1],0.3,0.0001,0.001,65.83333611488342
[64, 32, 16, 8, 1],0.3,0.0001,0.0001,54.333335161209106
[32, 16, 8, 4, 1],0.15,0.001,0.01,76.16666555404663
[32, 16, 8, 4, 1],0.15,0.001,0.001,77.49999761581421
[32, 16, 8, 4, 1],0.15,0.001,0.0001,69.16666626930237
[32, 16, 8, 4, 1],0.15,0.0001,0.01,64.16666507720947
[32, 16, 8, 4, 1],0.15,0.0001,0.001,57.999998331069946
[32, 16, 8, 4, 1],0.15,0.0001,0.0001,59.50000286102295
[32, 16, 8, 4, 1],0.3,0.001,0.01,61.500000953674316
[32, 16, 8, 4, 1],0.3,0.001,0.001,64.49999809265137
[32, 16, 8, 4, 1],0.3,0.001,0.0001,61.33333444595337
[32, 16, 8, 4, 1],0.3,0.0001,0.01,54.83333468437195
[32, 16, 8, 4, 1],0.3,0.0001,0.001,56.66666626930237
[32, 16, 8, 4, 1],0.3,0.0001,0.0001,57.499998807907104
